251,0x400a70,0,0
402,0x400a75,0,0
403,0x400a77,0,0
404,0x400a7c,0,0
405,0x400a80,0,0
406,0x400a82,0,0
407,0x400a84,0,0
408,0x400a87,1,1
409,0x400a8a,0,0
410,0x400a8c,0,0
411,0x400a8f,0,0
412,0x400a91,0,0
413,0x400a93,0,0
414,0x400a96,0,0
415,0x400a98,0,0
416,0x400a9b,0,0
417,0x400a9e,0,0
