2162,0x406869
2163,0x40686c
2164,0x40686f
3578,0x700228
2650,0x406858
2651,0x40685b
3165,0x403200
6167,0x406860
6168,0x406863
