9154,0x4112ff
9155,0x411302
9156,0x411305
9157,0x411309
9158,0x41130b
9229,0x411685
9230,0x411688
9231,0x41168c
9232,0x411690
9186,0x41130d
9184,0x41132d
9185,0x411330
9120,0x4112fa
9121,0x4112fd
9222,0x411318
9223,0x41131b
9224,0x41131e
9225,0x411322
9226,0x411324
9227,0x41167f
9228,0x411682
