5956,0x406e04
5957,0x406e08
5958,0x406e0d
5959,0x406e12
5988,0x406e54
5989,0x406e58
5990,0x406e5b
